    µm         	 V
   0.000	  -1.079
   0.006	  -1.079
   0.012	  -1.070
   0.018	  -1.073
   0.023	  -1.057
   0.029	  -1.057
   0.035	  -1.050
   0.041	  -1.053
   0.047	  -1.050
   0.053	  -1.061
   0.059	  -1.064
   0.064	  -1.068
   0.070	  -1.081
   0.076	  -1.075
   0.082	  -1.081
   0.088	  -1.079
   0.094	  -1.078
   0.100	  -1.066
   0.105	  -1.062
   0.111	  -1.066
   0.117	  -1.058
   0.123	  -1.061
   0.129	  -1.059
   0.135	  -1.058
   0.141	  -1.063
   0.146	  -1.064
   0.152	  -1.073
   0.158	  -1.070
   0.164	  -1.078
   0.170	  -1.076
   0.176	  -1.082
   0.182	  -1.068
   0.188	  -1.074
   0.193	  -1.069
   0.199	  -1.066
   0.205	  -1.063
   0.211	  -1.064
   0.217	  -1.071
   0.223	  -1.067
   0.229	  -1.076
   0.234	  -1.071
   0.240	  -1.077
   0.246	  -1.066
   0.252	  -1.074
   0.258	  -1.078
   0.264	  -1.072
   0.270	  -1.081
   0.275	  -1.076
   0.281	  -1.075
   0.287	  -1.074
   0.293	  -1.070
   0.299	  -1.064
   0.305	  -1.072
   0.311	  -1.067
   0.316	  -1.077
   0.322	  -1.072
   0.328	  -1.080
   0.334	  -1.078
   0.340	  -1.077
   0.346	  -1.079
   0.352	  -1.074
   0.357	  -1.077
   0.363	  -1.066
   0.369	  -1.081
   0.375	  -1.072
   0.381	  -1.083
   0.387	  -1.081
   0.393	  -1.080
   0.398	  -1.078
   0.404	  -1.065
   0.410	  -1.081
   0.416	  -1.071
   0.422	  -1.086
   0.428	  -1.076
   0.434	  -1.084
   0.439	  -1.079
   0.445	  -1.073
   0.451	  -1.081
   0.457	  -1.074
   0.463	  -1.081
   0.469	  -1.074
   0.475	  -1.083
   0.480	  -1.078
   0.486	  -1.083
   0.492	  -1.087
   0.498	  -1.076
   0.504	  -1.088
   0.510	  -1.078
   0.516	  -1.080
   0.521	  -1.084
   0.527	  -1.088
   0.533	  -1.085
   0.539	  -1.086
   0.545	  -1.081
   0.551	  -1.082
   0.557	  -1.080
   0.562	  -1.087
   0.568	  -1.084
   0.574	  -1.088
   0.580	  -1.081
   0.586	  -1.093
   0.592	  -1.087
   0.598	  -1.086
   0.604	  -1.078
   0.609	  -1.086
   0.615	  -1.085
   0.621	  -1.088
   0.627	  -1.092
   0.633	  -1.084
   0.639	  -1.087
   0.645	  -1.078
   0.650	  -1.083
   0.656	  -1.080
   0.662	  -1.086
   0.668	  -1.090
   0.674	  -1.090
   0.680	  -1.087
   0.686	  -1.076
   0.691	  -1.092
   0.697	  -1.081
   0.703	  -1.090
   0.709	  -1.089
   0.715	  -1.091
   0.721	  -1.095
   0.727	  -1.089
   0.732	  -1.096
   0.738	  -1.089
   0.744	  -1.086
   0.750	  -1.091
   0.756	  -1.089
   0.762	  -1.093
   0.768	  -1.098
   0.773	  -1.099
   0.779	  -1.094
   0.785	  -1.088
   0.791	  -1.092
   0.797	  -1.092
   0.803	  -1.092
   0.809	  -1.098
   0.814	  -1.094
   0.820	  -1.100
   0.826	  -1.095
   0.832	  -1.098
   0.838	  -1.091
   0.844	  -1.092
   0.850	  -1.096
   0.855	  -1.097
   0.861	  -1.102
   0.867	  -1.100
   0.873	  -1.100
   0.879	  -1.099
   0.885	  -1.098
   0.891	  -1.098
   0.896	  -1.095
   0.902	  -1.099
   0.908	  -1.097
   0.914	  -1.100
   0.920	  -1.096
   0.926	  -1.101
   0.932	  -1.101
   0.937	  -1.100
   0.943	  -1.097
   0.949	  -1.102
   0.955	  -1.105
   0.961	  -1.101
   0.967	  -1.103
   0.973	  -1.100
   0.979	  -1.102
   0.984	  -1.104
   0.990	  -1.096
   0.996	  -1.101
   1.002	  -1.097
   1.008	  -1.104
   1.014	  -1.103
   1.020	  -1.104
   1.025	  -1.099
   1.031	  -1.108
   1.037	  -1.098
   1.043	  -1.104
   1.049	  -1.109
   1.055	  -1.107
   1.061	  -1.110
   1.066	  -1.101
   1.072	  -1.110
   1.078	  -1.099
   1.084	  -1.100
   1.090	  -1.106
   1.096	  -1.099
   1.102	  -1.114
   1.107	  -1.105
   1.113	  -1.111
   1.119	  -1.104
   1.125	  -1.107
   1.131	  -1.099
   1.137	  -1.102
   1.143	  -1.108
   1.148	  -1.106
   1.154	  -1.112
   1.160	  -1.105
   1.166	  -1.102
   1.172	  -1.102
   1.178	  -1.103
   1.184	  -1.110
   1.189	  -1.103
   1.195	  -1.108
   1.201	  -1.110
   1.207	  -1.114
   1.213	  -1.110
   1.219	  -1.108
   1.225	  -1.105
   1.230	  -1.109
   1.236	  -1.106
   1.242	  -1.112
   1.248	  -1.108
   1.254	  -1.106
   1.260	  -1.108
   1.266	  -1.108
   1.271	  -1.102
   1.277	  -1.110
   1.283	  -1.113
   1.289	  -1.114
   1.295	  -1.112
   1.301	  -1.105
   1.307	  -1.111
   1.313	  -1.107
   1.318	  -1.109
   1.324	  -1.101
   1.330	  -1.110
   1.336	  -1.109
   1.342	  -1.106
   1.348	  -1.107
   1.354	  -1.098
   1.359	  -1.110
   1.365	  -1.094
   1.371	  -1.106
   1.377	  -1.095
   1.383	  -1.100
   1.389	  -1.097
   1.395	  -1.098
   1.400	  -1.090
   1.406	  -1.087
   1.412	  -1.092
   1.418	  -1.095
   1.424	  -1.086
   1.430	  -1.097
   1.436	  -1.086
   1.441	  -1.087
   1.447	  -1.092
   1.453	  -1.080
   1.459	  -1.088
   1.465	  -1.087
   1.471	  -1.091
   1.477	  -1.085
   1.482	  -1.084
   1.488	  -1.087
   1.494	  -1.074
   1.500	  -1.079
   1.506	  -1.068
   1.512	  -1.075
   1.518	  -1.079
   1.523	  -1.074
   1.529	  -1.071
   1.535	  -1.072
   1.541	  -1.076
   1.547	  -1.065
   1.553	  -1.066
   1.559	  -1.061
   1.564	  -1.058
   1.570	  -1.061
   1.576	  -1.059
   1.582	  -1.063
   1.588	  -1.051
   1.594	  -1.051
   1.600	  -1.052
   1.605	  -1.045
   1.611	  -1.043
   1.617	  -1.047
   1.623	  -1.038
   1.629	  -1.049
   1.635	  -1.039
   1.641	  -1.036
   1.646	  -1.037
   1.652	  -1.029
   1.658	  -1.037
   1.664	  -1.025
   1.670	  -1.035
   1.676	  -1.022
   1.682	  -1.026
   1.688	  -1.020
   1.693	  -1.015
   1.699	  -1.021
   1.705	  -1.011
   1.711	  -1.025
   1.717	  -1.002
   1.723	  -1.022
   1.729	  -1.011
   1.734	  -1.011
   1.740	  -1.010
   1.746	  -1.002
   1.752	  -1.013
   1.758	  -0.999
   1.764	  -1.005
   1.770	  -0.999
   1.775	  -0.994
   1.781	  -0.994
   1.787	  -0.990
   1.793	  -0.994
   1.799	  -0.987
   1.805	  -0.991
   1.811	  -0.994
   1.816	  -0.983
   1.822	  -0.994
   1.828	  -0.975
   1.834	  -0.976
   1.840	  -0.970
   1.846	  -0.969
   1.852	  -0.972
   1.857	  -0.967
   1.863	  -0.974
   1.869	  -0.955
   1.875	  -0.960
   1.881	  -0.948
   1.887	  -0.952
   1.893	  -0.943
   1.898	  -0.948
   1.904	  -0.938
   1.910	  -0.936
   1.916	  -0.939
   1.922	  -0.929
   1.928	  -0.929
   1.934	  -0.920
   1.939	  -0.929
   1.945	  -0.910
   1.951	  -0.924
   1.957	  -0.902
   1.963	  -0.913
   1.969	  -0.902
   1.975	  -0.890
   1.980	  -0.902
   1.986	  -0.885
   1.992	  -0.899
   1.998	  -0.874
   2.004	  -0.886
   2.010	  -0.881
   2.016	  -0.872
   2.021	  -0.876
   2.027	  -0.863
   2.033	  -0.884
   2.039	  -0.859
   2.045	  -0.880
   2.051	  -0.854
   2.057	  -0.852
   2.063	  -0.855
   2.068	  -0.852
   2.074	  -0.850
   2.080	  -0.841
   2.086	  -0.843
   2.092	  -0.840
   2.098	  -0.829
   2.104	  -0.831
   2.109	  -0.819
   2.115	  -0.829
   2.121	  -0.812
   2.127	  -0.824
   2.133	  -0.813
   2.139	  -0.814
   2.145	  -0.814
   2.150	  -0.801
   2.156	  -0.809
   2.162	  -0.795
   2.168	  -0.804
   2.174	  -0.788
   2.180	  -0.796
   2.186	  -0.787
   2.191	  -0.786
   2.197	  -0.779
   2.203	  -0.773
   2.209	  -0.769
   2.215	  -0.772
   2.221	  -0.772
   2.227	  -0.768
   2.232	  -0.759
   2.238	  -0.751
   2.244	  -0.749
   2.250	  -0.748
   2.256	  -0.747
   2.262	  -0.736
   2.268	  -0.747
   2.273	  -0.728
   2.279	  -0.738
   2.285	  -0.722
   2.291	  -0.735
   2.297	  -0.721
   2.303	  -0.716
   2.309	  -0.718
   2.314	  -0.705
   2.320	  -0.717
   2.326	  -0.695
   2.332	  -0.714
   2.338	  -0.688
   2.344	  -0.703
   2.350	  -0.683
   2.355	  -0.700
   2.361	  -0.689
   2.367	  -0.691
   2.373	  -0.688
   2.379	  -0.670
   2.385	  -0.686
   2.391	  -0.661
   2.396	  -0.678
   2.402	  -0.670
   2.408	  -0.671
   2.414	  -0.673
   2.420	  -0.668
   2.426	  -0.669
   2.432	  -0.664
   2.438	  -0.651
   2.443	  -0.654
   2.449	  -0.646
   2.455	  -0.652
   2.461	  -0.651
   2.467	  -0.643
   2.473	  -0.643
   2.479	  -0.632
   2.484	  -0.636
   2.490	  -0.620
   2.496	  -0.633
   2.502	  -0.619
   2.508	  -0.629
   2.514	  -0.613
   2.520	  -0.613
   2.525	  -0.610
   2.531	  -0.598
   2.537	  -0.606
   2.543	  -0.597
   2.549	  -0.602
   2.555	  -0.595
   2.561	  -0.591
   2.566	  -0.577
   2.572	  -0.581
   2.578	  -0.566
   2.584	  -0.568
   2.590	  -0.565
   2.596	  -0.567
   2.602	  -0.560
   2.607	  -0.561
   2.613	  -0.546
   2.619	  -0.541
   2.625	  -0.543
   2.631	  -0.541
   2.637	  -0.531
   2.643	  -0.531
   2.648	  -0.530
   2.654	  -0.526
   2.660	  -0.515
   2.666	  -0.510
   2.672	  -0.506
   2.678	  -0.494
   2.684	  -0.500
   2.689	  -0.480
   2.695	  -0.496
   2.701	  -0.475
   2.707	  -0.484
   2.713	  -0.464
   2.719	  -0.469
   2.725	  -0.469
   2.730	  -0.459
   2.736	  -0.465
   2.742	  -0.442
   2.748	  -0.461
   2.754	  -0.424
   2.760	  -0.439
   2.766	  -0.423
   2.771	  -0.425
   2.777	  -0.422
   2.783	  -0.420
   2.789	  -0.408
   2.795	  -0.403
   2.801	  -0.399
   2.807	  -0.387
   2.813	  -0.390
   2.818	  -0.378
   2.824	  -0.384
   2.830	  -0.376
   2.836	  -0.364
   2.842	  -0.363
   2.848	  -0.356
   2.854	  -0.355
   2.859	  -0.346
   2.865	  -0.355
   2.871	  -0.333
   2.877	  -0.337
   2.883	  -0.326
   2.889	  -0.322
   2.895	  -0.319
   2.900	  -0.312
   2.906	  -0.313
   2.912	  -0.306
   2.918	  -0.312
   2.924	  -0.295
   2.930	  -0.294
   2.936	  -0.281
   2.941	  -0.279
   2.947	  -0.267
   2.953	  -0.271
   2.959	  -0.259
   2.965	  -0.262
   2.971	  -0.249
   2.977	  -0.252
   2.982	  -0.237
